 He: 4.002602 amu
 Li: 6.941 amu
 Be: 9.012182 amu
 B: 10.811 amu
 C: 12.0107 amu
 N: 14.00674 amu
 O: 15.9994 amu
 F: 18.998404 amu
 Ne: 20.1797 amu
 Na: 22.98977 amu
 Mg: 24.305 amu
 Al: 26.981539 amu
 Si: 28.0855 amu
 P: 30.97376 amu
 S: 32.066 amu
 Cl: 35.4527 amu
 Ar: 39.948 amu
 K: 39.0983 amu
 Ca: 40.078 amu
 Sc: 44.95591 amu
 Ti: 47.867 amu
 V: 50.9415 amu
 Cr: 51.9961 amu
 Mn: 54.93805 amu
 Fe: 55.845 amu
 Co: 58.9332 amu
 Ni: 58.6934 amu
 Cu: 63.546 amu
 Zn: 65.39 amu
 Ga: 69.723 amu
 Ge: 72.61 amu
 As: 74.9216 amu
 Se: 78.96 amu
 Br: 79.904 amu
 Kr: 83.8 amu
 Rb: 85.4678 amu
 Sr: 87.62 amu
 Y: 88.90585 amu
 Zr: 91.224 amu
 Nb: 92.90638 amu
 Mo: 95.94 amu
 Tc: (98.0) amu
 Ru: 101.07 amu
 Rh: 102.9055 amu
 Pd: 106.42 amu
 Ag: 107.8682 amu
 Cd: 112.411 amu
 In: 114.818 amu
 Sn: 118.71 amu
 Sb: 121.76 amu
 Te: 127.6 amu
 I: 126.90447 amu
 Xe: 131.29 amu
 Cs: 132.90546 amu
 Ba: 137.327 amu
 La: 138.9055 amu
 Ce: 140.116 amu
 Pr: 140.90765 amu
 Nd